=== Sauvegarde du 13/05/2026 11:10:44 ===
Open Hi-hat :  |1|  0 0 0 0  |1.2|  0 0 0 0  |1.3|  0 0 0 0  |1.4|  0 0 0 0 
Closed Hi-hat :  |1|  0 0 0 0  |1.2|  0 0 0 0  |1.3|  0 0 0 0  |1.4|  0 0 0 0 
Clap :  |1|  0 0 0 0  |1.2|  0 0 0 0  |1.3|  0 0 0 0  |1.4|  0 0 0 0 
Snare :  |1|  0 0 0 0  |1.2|  0 0 0 0  |1.3|  0 0 0 0  |1.4|  0 0 0 0 
Kick :  |1|  X 0 0 0  |1.2|  X 0 0 0  |1.3|  X 0 0 0  |1.4|  X 0 0 0 

=== Sauvegarde du 13/05/2026 11:11:14 ===
Open Hi-hat :  |1|  X 0 0 0  |1.2|  X 0 0 0  |1.3|  X 0 0 0  |1.4|  X 0 0 0 
Closed Hi-hat :  |1|  0 0 0 0  |1.2|  0 0 0 0  |1.3|  0 0 0 0  |1.4|  0 0 0 0 
Clap :  |1|  0 0 0 0  |1.2|  0 0 0 0  |1.3|  0 0 0 0  |1.4|  0 0 0 0 
Snare :  |1|  0 0 0 0  |1.2|  0 0 0 0  |1.3|  0 0 0 0  |1.4|  0 0 0 0 
Kick :  |1|  X 0 0 0  |1.2|  X 0 0 0  |1.3|  X 0 0 0  |1.4|  X 0 0 0 

=== Sauvegarde du 13/05/2026 11:12:29 ===

Open Hi-hat :  |1|  X 0 0 0  |1.2|  X 0 0 0  |1.3|  X 0 0 0  |1.4|  X 0 0 0 
Closed Hi-hat :  |1|  0 0 0 0  |1.2|  0 0 0 0  |1.3|  0 0 0 0  |1.4|  0 0 0 0 
Clap :  |1|  0 0 0 0  |1.2|  0 0 0 0  |1.3|  0 0 0 0  |1.4|  0 0 0 0 
Snare :  |1|  0 0 0 0  |1.2|  0 0 0 0  |1.3|  0 0 0 0  |1.4|  0 0 0 0 
Kick :  |1|  0 0 0 0  |1.2|  0 0 0 0  |1.3|  0 0 0 0  |1.4|  0 0 0 0 

=== Sauvegarde du 29/05/2026 09:42:44 ===

Open Hi-hat :  |1|  0 0 0 0  |1.2|  0 0 0 0  |1.3|  0 0 0 0  |1.4|  0 0 0 0 
Closed Hi-hat :  |1|  0 0 0 0  |1.2|  0 0 0 0  |1.3|  0 0 0 0  |1.4|  0 0 0 0 
Clap :  |1|  0 0 0 0  |1.2|  0 0 0 0  |1.3|  0 0 0 0  |1.4|  0 0 0 0 
Snare :  |1|  0 0 0 0  |1.2|  0 0 0 0  |1.3|  0 0 0 0  |1.4|  0 0 0 0 
Kick :  |1|  0 0 0 0  |1.2|  0 0 0 0  |1.3|  0 0 0 0  |1.4|  0 0 0 0 

=== Sauvegarde du 29/05/2026 10:06:48 ===

Open Hi-hat :  |1|  X 0 0 0  |1.2|  X 0 0 0  |1.3|  X 0 0 0  |1.4|  X 0 0 0 
Closed Hi-hat :  |1|  0 0 0 0  |1.2|  0 0 0 0  |1.3|  0 0 0 0  |1.4|  0 0 0 0 
Clap :  |1|  0 0 0 0  |1.2|  0 0 0 0  |1.3|  0 0 0 0  |1.4|  0 0 0 0 
Snare :  |1|  0 0 0 0  |1.2|  0 0 0 0  |1.3|  0 0 0 0  |1.4|  0 0 0 0 
Kick :  |1|  0 0 0 0  |1.2|  0 0 0 0  |1.3|  0 0 0 0  |1.4|  0 0 0 0 

=== Sauvegarde du 29/05/2026 10:08:36 ===

Open Hi-hat :  |1|  X 0 0 0  |1.2|  X 0 0 0  |1.3|  X 0 0 0  |1.4|  X 0 0 0 
Closed Hi-hat :  |1|  0 0 0 0  |1.2|  0 0 0 0  |1.3|  0 0 0 0  |1.4|  0 0 0 0 
Clap :  |1|  0 0 0 0  |1.2|  0 0 0 0  |1.3|  0 0 0 0  |1.4|  0 0 0 0 
Snare :  |1|  0 0 0 0  |1.2|  0 0 0 0  |1.3|  0 0 0 0  |1.4|  0 0 0 0 
Kick :  |1|  0 0 0 0  |1.2|  0 0 0 0  |1.3|  0 0 0 0  |1.4|  0 0 0 0 

=== Sauvegarde du 29/05/2026 10:13:06 ===

Open Hi-hat :  |1|  X 0 X 0  |1.2|  X 0 X 0  |1.3|  X 0 X 0  |1.4|  X 0 X 0 
Closed Hi-hat :  |1|  0 0 0 0  |1.2|  0 0 0 0  |1.3|  0 0 0 0  |1.4|  0 0 0 0 
Clap :  |1|  0 0 0 0  |1.2|  0 0 0 0  |1.3|  0 0 0 0  |1.4|  0 0 0 0 
Snare :  |1|  0 0 0 0  |1.2|  0 0 0 0  |1.3|  0 0 0 0  |1.4|  0 0 0 0 
Kick :  |1|  0 0 0 0  |1.2|  0 0 0 0  |1.3|  0 0 0 0  |1.4|  0 0 0 0 

=== Sauvegarde du 29/05/2026 10:13:53 ===

Open Hi-hat :  |1|  X 0 0 0  |1.2|  X 0 0 0  |1.3|  X 0 0 0  |1.4|  X 0 0 0 
Closed Hi-hat :  |1|  0 0 0 0  |1.2|  0 0 0 0  |1.3|  0 0 0 0  |1.4|  0 0 0 0 
Clap :  |1|  0 0 0 0  |1.2|  0 0 0 0  |1.3|  0 0 0 0  |1.4|  0 0 0 0 
Snare :  |1|  0 0 0 0  |1.2|  0 0 0 0  |1.3|  0 0 0 0  |1.4|  0 0 0 0 
Kick :  |1|  0 0 0 0  |1.2|  0 0 0 0  |1.3|  0 0 0 0  |1.4|  0 0 0 0 

=== Sauvegarde du 29/05/2026 11:05:04 ===

Open Hi-hat :  |1|  X 0 0 0  |1.2|  X 0 0 0  |1.3|  X 0 0 0  |1.4|  X 0 0 0 
Closed Hi-hat :  |1|  0 0 0 0  |1.2|  0 0 0 0  |1.3|  0 0 0 0  |1.4|  0 0 0 0 
Clap :  |1|  0 0 0 0  |1.2|  0 0 0 0  |1.3|  0 0 0 0  |1.4|  0 0 0 0 
Snare :  |1|  0 0 0 0  |1.2|  0 0 0 0  |1.3|  0 0 0 0  |1.4|  0 0 0 0 
Kick :  |1|  0 0 0 0  |1.2|  0 0 0 0  |1.3|  0 0 0 0  |1.4|  0 0 0 0 

=== Sauvegarde du 29/05/2026 16:50:22 ===

Open Hi-hat :  |1|  0 0 0 0  |1.2|  0 0 X 0  |1.3|  0 0 0 0  |1.4|  0 0 X 0 
Closed Hi-hat :  |1|  0 0 X 0  |1.2|  0 0 0 0  |1.3|  0 0 X X  |1.4|  0 0 0 0 
Clap :  |1|  0 0 0 0  |1.2|  0 X 0 0  |1.3|  0 0 0 0  |1.4|  X 0 0 X 
Snare :  |1|  0 0 0 0  |1.2|  0 0 0 0  |1.3|  0 0 0 0  |1.4|  0 0 0 0 
Kick :  |1|  X 0 0 0  |1.2|  X 0 0 0  |1.3|  X 0 0 0  |1.4|  X 0 0 0 

=== Sauvegarde du 29/05/2026 16:51:21 ===

Open Hi-hat :  |1|  0 0 0 0  |1.2|  0 0 X 0  |1.3|  0 0 0 0  |1.4|  0 0 X 0 
Closed Hi-hat :  |1|  0 0 X 0  |1.2|  0 0 0 0  |1.3|  0 0 X X  |1.4|  0 0 0 0 
Clap :  |1|  0 0 0 0  |1.2|  X 0 0 0  |1.3|  0 0 0 0  |1.4|  X 0 0 X 
Snare :  |1|  0 0 0 0  |1.2|  0 0 0 0  |1.3|  0 0 0 0  |1.4|  0 0 0 0 
Kick :  |1|  X 0 0 0  |1.2|  X 0 0 0  |1.3|  X 0 0 0  |1.4|  X 0 0 0 

=== Sauvegarde du 29/05/2026 20:56:11 ===

Open Hi-hat :  |1|  0 0 X 0  |1.2|  0 0 X 0  |1.3|  0 0 X 0  |1.4|  0 0 X 0 
Closed Hi-hat :  |1|  X 0 X 0  |1.2|  X 0 X 0  |1.3|  X 0 X 0  |1.4|  X 0 X 0 
Clap :  |1|  0 0 0 0  |1.2|  X 0 0 0  |1.3|  0 0 0 0  |1.4|  X 0 0 0 
Snare :  |1|  0 0 0 0  |1.2|  0 0 0 0  |1.3|  0 0 0 0  |1.4|  0 0 0 0 
Kick :  |1|  X 0 0 0  |1.2|  X 0 0 0  |1.3|  X 0 0 0  |1.4|  X 0 0 0 

=== Sauvegarde du 29/05/2026 21:09:23 ===

Open Hi-hat :  |1|  0 0 0 0  |1.2|  0 0 0 0  |1.3|  0 0 0 0  |1.4|  0 0 0 0 
Closed Hi-hat :  |1|  0 0 X 0  |1.2|  0 0 X 0  |1.3|  0 0 X 0  |1.4|  0 X 0 0 
Clap :  |1|  0 0 0 0  |1.2|  0 0 0 0  |1.3|  0 0 0 0  |1.4|  0 0 0 0 
Snare :  |1|  0 0 0 0  |1.2|  0 0 0 0  |1.3|  0 0 0 0  |1.4|  0 0 0 0 
Kick :  |1|  X 0 0 0  |1.2|  X 0 0 0  |1.3|  0 0 0 0  |1.4|  0 0 0 0 

=== Sauvegarde du 03/06/2026 11:12:03 ===

Open Hi-hat :  |1|  0 0 0 0  |1.2|  0 0 X 0  |1.3|  0 0 0 0  |1.4|  0 0 0 0 
Closed Hi-hat :  |1|  0 X X X  |1.2|  0 X 0 X  |1.3|  0 0 0 0  |1.4|  0 0 0 0 
Clap :  |1|  X 0 0 0  |1.2|  X 0 0 0  |1.3|  0 0 0 0  |1.4|  0 0 X 0 
Snare :  |1|  0 0 0 0  |1.2|  0 0 0 0  |1.3|  0 X X X  |1.4|  0 X 0 X 
Kick :  |1|  0 0 0 0  |1.2|  0 0 0 0  |1.3|  X 0 0 0  |1.4|  X 0 0 0 

